0.000000 0.814698 -0.000000 -0.000000 0.000000 0.221354 0.000000
0.035879 0.814838 0.007933 0.000000 0.007799 0.220634 0.000000
0.071758 0.815256 0.015815 0.000000 0.015509 0.218484 0.000000
0.107637 0.815949 0.023594 0.000000 0.023046 0.214928 0.000000
0.143516 0.816907 0.031222 0.000000 0.030326 0.210006 0.000000
0.179394 0.818121 0.038648 0.000000 0.037272 0.203773 0.000000
0.215273 0.819577 0.045829 0.000000 0.043814 0.196294 0.000000
0.251152 0.821259 0.052720 0.000000 0.049887 0.187647 0.000000
0.287031 0.823150 0.059281 0.000000 0.055437 0.177913 0.000000
0.322910 0.825230 0.065475 0.000000 0.060415 0.167181 0.000000
0.358789 0.827478 0.071267 0.000000 0.064782 0.155543 0.000000
0.394668 0.829871 0.076626 0.000000 0.068503 0.143089 0.000000
0.430547 0.832386 0.081526 0.000000 0.071555 0.129911 0.000000
0.466426 0.834997 0.085941 0.000000 0.073918 0.116097 0.000000
0.502305 0.837681 0.089850 0.000000 0.075579 0.101733 0.000000
0.538183 0.840412 0.093235 0.000000 0.076531 0.086900 0.000000
0.574062 0.843165 0.096081 0.000000 0.076774 0.071674 0.000000
0.609941 0.845913 0.098375 0.000000 0.076312 0.056127 0.000000
0.645820 0.848632 0.100106 0.000000 0.075154 0.040325 0.000000
0.681699 0.851298 0.101266 0.000000 0.073316 0.024328 0.000000
0.717578 0.853886 0.101850 0.000000 0.070822 0.008192 0.000000
0.753457 0.856372 0.101853 0.000000 0.067700 -0.008033 0.000000
0.789336 0.858736 0.101273 0.000000 0.063987 -0.024302 0.000000
0.825215 0.860957 0.100109 0.000000 0.059730 -0.040572 -0.000000
0.861094 0.863017 0.098362 0.000000 0.054986 -0.056806 -0.000000
0.896972 0.864898 0.096033 0.000000 0.049821 -0.072965 -0.000000
0.932851 0.866588 0.093127 0.000000 0.044317 -0.089015 -0.000000
0.968730 0.868075 0.089648 0.000000 0.038571 -0.104914 -0.000000
1.004609 0.869354 0.085601 0.000000 0.032694 -0.120618 -0.000000
1.040488 0.870421 0.080995 0.000000 0.026815 -0.136071 -0.000000
1.076367 0.871280 0.075841 0.000000 0.021080 -0.151201 -0.000000
1.112246 0.871938 0.070151 0.000000 0.015648 -0.165915 -0.000000
1.148125 0.872408 0.063942 0.000000 0.010687 -0.180087 -0.000000
1.184004 0.872712 0.057236 0.000000 0.006365 -0.193555 -0.000000
1.219883 0.872874 0.050063 0.000000 0.002836 -0.206113 -0.000000
1.255761 0.872926 0.042460 0.000000 0.000219 -0.217508 -0.000000
1.291640 0.872902 0.034473 0.000000 -0.001422 -0.227453 -0.000000
1.327519 0.872836 0.026160 0.000000 -0.002104 -0.235634 -0.000000
1.363398 0.872761 0.017589 0.000000 -0.001940 -0.241748 -0.000000
1.399277 0.872704 0.008840 0.000000 -0.001141 -0.245535 -0.000000
1.435156 0.872683 -0.000000 0.000000 0.000000 -0.246818 -0.000000
1.471035 0.872704 -0.008840 0.000000 0.001141 -0.245535 -0.000000
1.506914 0.872761 -0.017589 -0.000000 0.001940 -0.241748 -0.000000
1.542793 0.872836 -0.026160 -0.000000 0.002104 -0.235634 -0.000000
1.578672 0.872902 -0.034473 -0.000000 0.001422 -0.227453 -0.000000
1.614550 0.872926 -0.042460 -0.000000 -0.000219 -0.217508 -0.000000
1.650429 0.872874 -0.050063 -0.000000 -0.002836 -0.206113 -0.000000
1.686308 0.872712 -0.057236 -0.000000 -0.006365 -0.193555 -0.000000
1.722187 0.872408 -0.063942 -0.000000 -0.010687 -0.180087 -0.000000
1.758066 0.871938 -0.070151 -0.000000 -0.015648 -0.165915 -0.000000
1.793945 0.871280 -0.075841 -0.000000 -0.021080 -0.151201 -0.000000
1.829824 0.870421 -0.080995 -0.000000 -0.026815 -0.136071 -0.000000
1.865703 0.869354 -0.085601 -0.000000 -0.032694 -0.120618 -0.000000
1.901582 0.868075 -0.089648 -0.000000 -0.038571 -0.104914 -0.000000
1.937461 0.866588 -0.093127 -0.000000 -0.044317 -0.089015 -0.000000
1.973339 0.864898 -0.096033 -0.000000 -0.049821 -0.072965 -0.000000
2.009218 0.863017 -0.098362 -0.000000 -0.054986 -0.056806 -0.000000
2.045097 0.860957 -0.100109 -0.000000 -0.059730 -0.040572 -0.000000
2.080976 0.858736 -0.101273 -0.000000 -0.063987 -0.024302 -0.000000
2.116855 0.856372 -0.101853 -0.000000 -0.067700 -0.008033 -0.000000
2.152734 0.853886 -0.101850 -0.000000 -0.070822 0.008192 -0.000000
2.188613 0.851298 -0.101266 -0.000000 -0.073316 0.024328 -0.000000
2.224492 0.848632 -0.100106 -0.000000 -0.075154 0.040325 0.000000
2.260371 0.845913 -0.098375 -0.000000 -0.076312 0.056127 0.000000
2.296250 0.843165 -0.096081 -0.000000 -0.076774 0.071674 0.000000
2.332128 0.840412 -0.093235 -0.000000 -0.076531 0.086900 0.000000
2.368007 0.837681 -0.089850 -0.000000 -0.075579 0.101733 0.000000
2.403886 0.834997 -0.085941 -0.000000 -0.073918 0.116097 0.000000
2.439765 0.832386 -0.081526 -0.000000 -0.071555 0.129911 0.000000
2.475644 0.829871 -0.076626 -0.000000 -0.068503 0.143089 0.000000
2.511523 0.827478 -0.071267 -0.000000 -0.064782 0.155543 0.000000
2.547402 0.825230 -0.065475 -0.000000 -0.060415 0.167181 0.000000
2.583281 0.823150 -0.059281 -0.000000 -0.055437 0.177913 0.000000
2.619160 0.821259 -0.052720 -0.000000 -0.049887 0.187647 0.000000
2.655038 0.819577 -0.045829 -0.000000 -0.043814 0.196294 0.000000
2.690917 0.818121 -0.038648 -0.000000 -0.037272 0.203773 0.000000
2.726796 0.816907 -0.031222 -0.000000 -0.030326 0.210006 0.000000
2.762675 0.815949 -0.023594 -0.000000 -0.023046 0.214928 0.000000
2.798554 0.815256 -0.015815 -0.000000 -0.015509 0.218484 0.000000
2.834433 0.814838 -0.007933 -0.000000 -0.007799 0.220634 0.000000
2.870312 0.814698 -0.000000 -0.000000 0.000000 0.221354 0.000000
