0.000000 0.832039 -0.000000 0.126037 0.000000 0.240127 0.000000
0.034780 0.832164 0.008345 0.125801 0.007174 0.239572 -0.013574
0.069560 0.832538 0.016652 0.125093 0.014313 0.237911 -0.027105
0.104340 0.833159 0.024882 0.123916 0.021381 0.235149 -0.040550
0.139120 0.834024 0.032996 0.122274 0.028344 0.231295 -0.053868
0.173900 0.835129 0.040958 0.120171 0.035165 0.226360 -0.067015
0.208681 0.836468 0.048730 0.117615 0.041810 0.220362 -0.079952
0.243461 0.838034 0.056274 0.114613 0.048244 0.213319 -0.092638
0.278241 0.839821 0.063556 0.111174 0.054433 0.205251 -0.105034
0.313021 0.841818 0.070540 0.107310 0.060342 0.196182 -0.117102
0.347801 0.844015 0.077191 0.103033 0.065938 0.186138 -0.128804
0.382581 0.846400 0.083477 0.098355 0.071187 0.175144 -0.140105
0.417361 0.848962 0.089364 0.093292 0.076056 0.163229 -0.150968
0.452141 0.851686 0.094821 0.087860 0.080514 0.150421 -0.161357
0.486921 0.854557 0.099817 0.082074 0.084528 0.136747 -0.171236
0.521701 0.857560 0.104323 0.075955 0.088070 0.122236 -0.180567
0.556482 0.860678 0.108310 0.069521 0.091108 0.106915 -0.189312
0.591262 0.863892 0.111751 0.062793 0.093616 0.090811 -0.197429
0.626042 0.867183 0.114618 0.055795 0.095568 0.073950 -0.204874
0.660822 0.870533 0.116887 0.048551 0.096938 0.056356 -0.211597
0.695602 0.873919 0.118530 0.041086 0.097704 0.038054 -0.217543
0.730382 0.877322 0.119526 0.033428 0.097848 0.019066 -0.222649
0.765162 0.880718 0.119849 0.025609 0.097353 -0.000583 -0.226843
0.799942 0.884086 0.119478 0.017660 0.096206 -0.020868 -0.230041
0.834722 0.887403 0.118390 0.009620 0.094400 -0.041760 -0.232146
0.869502 0.890645 0.116566 0.001526 0.091934 -0.063225 -0.233046
0.904283 0.893790 0.113986 -0.006576 0.088811 -0.085217 -0.232608
0.939063 0.896815 0.110633 -0.014637 0.085046 -0.107677 -0.230682
0.973843 0.899698 0.106492 -0.022603 0.080658 -0.130523 -0.227096
1.008623 0.902419 0.101551 -0.030412 0.075682 -0.153642 -0.221659
1.043403 0.904957 0.095803 -0.037997 0.070161 -0.176881 -0.214161
1.078183 0.907294 0.089248 -0.045283 0.064151 -0.200032 -0.204382
1.112963 0.909414 0.081893 -0.052185 0.057718 -0.222820 -0.192107
1.147743 0.911305 0.073757 -0.058615 0.050941 -0.244891 -0.177141
1.182523 0.912954 0.064872 -0.064474 0.043902 -0.265805 -0.159337
1.217303 0.914356 0.055287 -0.069664 0.036684 -0.285037 -0.138637
1.252084 0.915505 0.045071 -0.074085 0.029366 -0.301995 -0.115107
1.286864 0.916399 0.034313 -0.077641 0.022009 -0.316057 -0.088975
1.321644 0.917036 0.023126 -0.080249 0.014654 -0.326622 -0.060654
1.356424 0.917418 0.011640 -0.081842 0.007319 -0.333188 -0.030746
1.391204 0.917545 -0.000000 -0.082378 0.000000 -0.335417 0.000000
1.425984 0.917418 -0.011640 -0.081842 -0.007319 -0.333188 0.030746
1.460764 0.917036 -0.023126 -0.080249 -0.014654 -0.326622 0.060654
1.495544 0.916399 -0.034313 -0.077641 -0.022009 -0.316057 0.088975
1.530324 0.915505 -0.045071 -0.074085 -0.029366 -0.301995 0.115107
1.565104 0.914356 -0.055287 -0.069664 -0.036684 -0.285037 0.138637
1.599885 0.912954 -0.064872 -0.064474 -0.043902 -0.265805 0.159337
1.634665 0.911305 -0.073757 -0.058615 -0.050941 -0.244891 0.177141
1.669445 0.909414 -0.081893 -0.052185 -0.057718 -0.222820 0.192107
1.704225 0.907294 -0.089248 -0.045283 -0.064151 -0.200032 0.204382
1.739005 0.904957 -0.095803 -0.037997 -0.070161 -0.176881 0.214161
1.773785 0.902419 -0.101551 -0.030412 -0.075682 -0.153642 0.221659
1.808565 0.899698 -0.106492 -0.022603 -0.080658 -0.130523 0.227096
1.843345 0.896815 -0.110633 -0.014637 -0.085046 -0.107677 0.230682
1.878125 0.893790 -0.113986 -0.006576 -0.088811 -0.085217 0.232608
1.912905 0.890645 -0.116566 0.001526 -0.091934 -0.063225 0.233046
1.947686 0.887403 -0.118390 0.009620 -0.094400 -0.041760 0.232146
1.982466 0.884086 -0.119478 0.017660 -0.096206 -0.020868 0.230041
2.017246 0.880718 -0.119849 0.025609 -0.097353 -0.000583 0.226843
2.052026 0.877322 -0.119526 0.033428 -0.097848 0.019066 0.222649
2.086806 0.873919 -0.118530 0.041086 -0.097704 0.038054 0.217543
2.121586 0.870533 -0.116887 0.048551 -0.096938 0.056356 0.211597
2.156366 0.867183 -0.114618 0.055795 -0.095568 0.073950 0.204874
2.191146 0.863892 -0.111751 0.062793 -0.093616 0.090811 0.197429
2.225926 0.860678 -0.108310 0.069521 -0.091108 0.106915 0.189312
2.260706 0.857560 -0.104323 0.075955 -0.088070 0.122236 0.180567
2.295487 0.854557 -0.099817 0.082074 -0.084528 0.136747 0.171236
2.330267 0.851686 -0.094821 0.087860 -0.080514 0.150421 0.161357
2.365047 0.848962 -0.089364 0.093292 -0.076056 0.163229 0.150968
2.399827 0.846400 -0.083477 0.098355 -0.071187 0.175144 0.140105
2.434607 0.844015 -0.077191 0.103033 -0.065938 0.186138 0.128804
2.469387 0.841818 -0.070540 0.107310 -0.060342 0.196182 0.117102
2.504167 0.839821 -0.063556 0.111174 -0.054433 0.205251 0.105034
2.538947 0.838034 -0.056274 0.114613 -0.048244 0.213319 0.092638
2.573727 0.836468 -0.048730 0.117615 -0.041810 0.220362 0.079952
2.608507 0.835129 -0.040958 0.120171 -0.035165 0.226360 0.067015
2.643288 0.834024 -0.032996 0.122274 -0.028344 0.231295 0.053868
2.678068 0.833159 -0.024882 0.123916 -0.021381 0.235149 0.040550
2.712848 0.832538 -0.016652 0.125093 -0.014313 0.237911 0.027105
2.747628 0.832164 -0.008345 0.125801 -0.007174 0.239572 0.013574
2.782408 0.832039 -0.000000 0.126037 0.000000 0.240127 -0.000000
