0.000000 0.847459 -0.000000 -0.172208 -0.000000 0.263915 -0.000000
0.032433 0.847601 0.008554 -0.171975 0.008771 0.263412 0.014371
0.064865 0.848027 0.017075 -0.171277 0.017514 0.261904 0.028713
0.097298 0.848737 0.025532 -0.170114 0.026202 0.259394 0.042997
0.129730 0.849726 0.033890 -0.168489 0.034808 0.255887 0.057196
0.162163 0.850993 0.042119 -0.166405 0.043303 0.251388 0.071282
0.194596 0.852533 0.050186 -0.163866 0.051659 0.245907 0.085227
0.227028 0.854342 0.058059 -0.160878 0.059849 0.239451 0.099007
0.259461 0.856414 0.065708 -0.157446 0.067844 0.232032 0.112595
0.291894 0.858741 0.073100 -0.153577 0.075615 0.223660 0.125969
0.324326 0.861316 0.080205 -0.149278 0.083132 0.214347 0.139104
0.356759 0.864130 0.086994 -0.144557 0.090365 0.204103 0.151979
0.389191 0.867174 0.093435 -0.139423 0.097286 0.192939 0.164573
0.421624 0.870437 0.099499 -0.133885 0.103861 0.180863 0.176865
0.454057 0.873907 0.105156 -0.127954 0.110061 0.167884 0.188836
0.486489 0.877571 0.110379 -0.121640 0.115851 0.154006 0.200466
0.518922 0.881417 0.115136 -0.114954 0.121199 0.139230 0.211734
0.551354 0.885428 0.119400 -0.107910 0.126071 0.123554 0.222618
0.583787 0.889589 0.123141 -0.100519 0.130429 0.106971 0.233095
0.616220 0.893882 0.126329 -0.092795 0.134238 0.089466 0.243138
0.648652 0.898290 0.128934 -0.084752 0.137458 0.071018 0.252714
0.681085 0.902792 0.130925 -0.076408 0.140047 0.051596 0.261784
0.713517 0.907367 0.132270 -0.067778 0.141963 0.031161 0.270300
0.745950 0.911992 0.132935 -0.058881 0.143159 0.009660 0.278199
0.778383 0.916644 0.132884 -0.049740 0.143586 -0.012973 0.285401
0.810815 0.921297 0.132080 -0.040377 0.143191 -0.036820 0.291800
0.843248 0.925923 0.130482 -0.030822 0.141916 -0.061978 0.297258
0.875681 0.930492 0.128045 -0.021108 0.139701 -0.088561 0.301593
0.908113 0.934974 0.124720 -0.011274 0.136478 -0.116697 0.304560
0.940546 0.939333 0.120457 -0.001371 0.132178 -0.146521 0.305835
0.972978 0.943535 0.115197 0.008541 0.126723 -0.178166 0.304988
1.005411 0.947540 0.108879 0.018383 0.120035 -0.211730 0.301451
1.037844 0.951307 0.101442 0.028058 0.112038 -0.247237 0.294482
1.070276 0.954792 0.092822 0.037438 0.102659 -0.284556 0.283136
1.102709 0.957950 0.082969 0.046364 0.091842 -0.323281 0.266257
1.135141 0.960734 0.071847 0.054635 0.079560 -0.362562 0.242532
1.167574 0.963096 0.059461 0.062007 0.065840 -0.400896 0.210661
1.200007 0.964990 0.045877 0.068201 0.050777 -0.435974 0.169713
1.232439 0.966377 0.031249 0.072917 0.034566 -0.464736 0.119676
1.264872 0.967223 0.015837 0.075881 0.017509 -0.483832 0.062037
1.297304 0.967508 0.000000 0.076893 -0.000000 -0.490549 0.000000
1.329737 0.967223 -0.015837 0.075881 -0.017509 -0.483832 -0.062037
1.362170 0.966377 -0.031249 0.072917 -0.034566 -0.464736 -0.119676
1.394602 0.964990 -0.045877 0.068201 -0.050777 -0.435974 -0.169713
1.427035 0.963096 -0.059461 0.062007 -0.065840 -0.400896 -0.210661
1.459468 0.960734 -0.071847 0.054635 -0.079560 -0.362562 -0.242532
1.491900 0.957950 -0.082969 0.046364 -0.091842 -0.323281 -0.266257
1.524333 0.954792 -0.092822 0.037438 -0.102659 -0.284556 -0.283136
1.556765 0.951307 -0.101442 0.028058 -0.112038 -0.247237 -0.294482
1.589198 0.947540 -0.108879 0.018383 -0.120035 -0.211730 -0.301451
1.621631 0.943535 -0.115197 0.008541 -0.126723 -0.178166 -0.304988
1.654063 0.939333 -0.120457 -0.001371 -0.132178 -0.146521 -0.305835
1.686496 0.934974 -0.124720 -0.011274 -0.136478 -0.116697 -0.304560
1.718928 0.930492 -0.128045 -0.021108 -0.139701 -0.088561 -0.301593
1.751361 0.925923 -0.130482 -0.030822 -0.141916 -0.061978 -0.297258
1.783794 0.921297 -0.132080 -0.040377 -0.143191 -0.036820 -0.291800
1.816226 0.916644 -0.132884 -0.049740 -0.143586 -0.012973 -0.285401
1.848659 0.911992 -0.132935 -0.058881 -0.143159 0.009660 -0.278199
1.881092 0.907367 -0.132270 -0.067778 -0.141963 0.031161 -0.270300
1.913524 0.902792 -0.130925 -0.076408 -0.140047 0.051596 -0.261784
1.945957 0.898290 -0.128934 -0.084752 -0.137458 0.071018 -0.252714
1.978389 0.893882 -0.126329 -0.092795 -0.134238 0.089466 -0.243138
2.010822 0.889589 -0.123141 -0.100519 -0.130429 0.106971 -0.233095
2.043255 0.885428 -0.119400 -0.107910 -0.126071 0.123554 -0.222618
2.075687 0.881417 -0.115136 -0.114954 -0.121199 0.139230 -0.211734
2.108120 0.877571 -0.110379 -0.121640 -0.115851 0.154006 -0.200466
2.140552 0.873907 -0.105156 -0.127954 -0.110061 0.167884 -0.188836
2.172985 0.870437 -0.099499 -0.133885 -0.103861 0.180863 -0.176865
2.205418 0.867174 -0.093435 -0.139423 -0.097286 0.192939 -0.164573
2.237850 0.864130 -0.086994 -0.144557 -0.090365 0.204103 -0.151979
2.270283 0.861316 -0.080205 -0.149278 -0.083132 0.214347 -0.139104
2.302715 0.858741 -0.073100 -0.153577 -0.075615 0.223660 -0.125969
2.335148 0.856414 -0.065708 -0.157446 -0.067844 0.232032 -0.112595
2.367581 0.854342 -0.058059 -0.160878 -0.059849 0.239451 -0.099007
2.400013 0.852533 -0.050186 -0.163866 -0.051659 0.245907 -0.085227
2.432446 0.850993 -0.042119 -0.166405 -0.043303 0.251388 -0.071282
2.464879 0.849726 -0.033890 -0.168489 -0.034808 0.255887 -0.057196
2.497311 0.848737 -0.025532 -0.170114 -0.026202 0.259394 -0.042997
2.529744 0.848027 -0.017075 -0.171277 -0.017514 0.261904 -0.028713
2.562176 0.847601 -0.008554 -0.171975 -0.008771 0.263412 -0.014371
2.594609 0.847459 0.000000 -0.172208 -0.000000 0.263915 -0.000000
