0.000000 0.864933 0.000000 0.000000 -0.000000 0.102726 -0.526639
0.061237 0.866018 0.006219 -0.032091 0.034757 0.099262 -0.519002
0.122473 0.869040 0.012036 -0.063306 0.062382 0.089903 -0.498813
0.183710 0.873455 0.017155 -0.093040 0.080178 0.076868 -0.471563
0.244946 0.878683 0.021417 -0.121007 0.089318 0.062189 -0.441647
0.306183 0.884267 0.024766 -0.147123 0.092211 0.047206 -0.411348
0.367419 0.889893 0.027208 -0.171396 0.091006 0.032669 -0.381524
0.428656 0.895360 0.028784 -0.193863 0.087235 0.018973 -0.352372
0.489892 0.900545 0.029553 -0.214564 0.081906 0.006309 -0.323838
0.551129 0.905373 0.029580 -0.233535 0.075663 -0.005240 -0.295808
0.612365 0.909802 0.028934 -0.250801 0.068913 -0.015648 -0.268165
0.673602 0.913808 0.027686 -0.266384 0.061911 -0.024924 -0.240814
0.734838 0.917382 0.025904 -0.280298 0.054815 -0.033093 -0.213681
0.796075 0.920521 0.023655 -0.292557 0.047719 -0.040188 -0.186710
0.857311 0.923228 0.021004 -0.303168 0.040678 -0.046247 -0.159861
0.918548 0.925505 0.018012 -0.312137 0.033717 -0.051305 -0.133103
0.979784 0.927359 0.014740 -0.319471 0.026843 -0.055394 -0.106412
1.041021 0.928794 0.011247 -0.325171 0.020051 -0.058544 -0.079770
1.102258 0.929816 0.007589 -0.329241 0.013327 -0.060776 -0.053162
1.163494 0.930427 0.003821 -0.331682 0.006651 -0.062109 -0.026576
1.224731 0.930631 0.000000 -0.332496 -0.000000 -0.062552 -0.000000
1.285967 0.930427 -0.003821 -0.331682 -0.006651 -0.062109 0.026576
1.347204 0.929816 -0.007589 -0.329241 -0.013327 -0.060776 0.053162
1.408440 0.928794 -0.011247 -0.325171 -0.020051 -0.058544 0.079770
1.469677 0.927359 -0.014740 -0.319471 -0.026843 -0.055394 0.106412
1.530913 0.925505 -0.018012 -0.312137 -0.033717 -0.051305 0.133103
1.592150 0.923228 -0.021004 -0.303168 -0.040678 -0.046247 0.159861
1.653386 0.920521 -0.023655 -0.292557 -0.047719 -0.040188 0.186710
1.714623 0.917382 -0.025904 -0.280298 -0.054815 -0.033093 0.213681
1.775859 0.913808 -0.027686 -0.266384 -0.061911 -0.024924 0.240814
1.837096 0.909802 -0.028934 -0.250801 -0.068913 -0.015648 0.268165
1.898332 0.905373 -0.029580 -0.233535 -0.075663 -0.005240 0.295808
1.959569 0.900545 -0.029553 -0.214564 -0.081906 0.006309 0.323838
2.020805 0.895360 -0.028784 -0.193863 -0.087235 0.018973 0.352372
2.082042 0.889893 -0.027208 -0.171396 -0.091006 0.032669 0.381524
2.143279 0.884267 -0.024766 -0.147123 -0.092211 0.047206 0.411348
2.204515 0.878683 -0.021417 -0.121007 -0.089318 0.062189 0.441647
2.265752 0.873455 -0.017155 -0.093040 -0.080178 0.076868 0.471563
2.326988 0.869040 -0.012036 -0.063306 -0.062382 0.089903 0.498813
2.388225 0.866018 -0.006219 -0.032091 -0.034757 0.099262 0.519002
2.449461 0.864933 0.000000 -0.000000 -0.000000 0.102726 0.526639
2.510698 0.866018 0.006219 0.032091 0.034757 0.099262 0.519002
2.571934 0.869040 0.012036 0.063306 0.062382 0.089903 0.498813
2.633171 0.873455 0.017155 0.093040 0.080178 0.076868 0.471563
2.694407 0.878683 0.021417 0.121007 0.089318 0.062189 0.441647
2.755644 0.884267 0.024766 0.147123 0.092211 0.047206 0.411348
2.816880 0.889893 0.027208 0.171396 0.091006 0.032669 0.381524
2.878117 0.895360 0.028784 0.193863 0.087235 0.018973 0.352372
2.939353 0.900545 0.029553 0.214564 0.081906 0.006309 0.323838
3.000590 0.905373 0.029580 0.233535 0.075663 -0.005240 0.295808
3.061826 0.909802 0.028934 0.250801 0.068913 -0.015648 0.268165
3.123063 0.913808 0.027686 0.266384 0.061911 -0.024924 0.240814
3.184299 0.917382 0.025904 0.280298 0.054815 -0.033093 0.213681
3.245536 0.920521 0.023655 0.292557 0.047719 -0.040188 0.186710
3.306773 0.923228 0.021004 0.303168 0.040678 -0.046247 0.159861
3.368009 0.925505 0.018012 0.312137 0.033717 -0.051305 0.133103
3.429246 0.927359 0.014740 0.319471 0.026843 -0.055394 0.106412
3.490482 0.928794 0.011247 0.325171 0.020051 -0.058544 0.079770
3.551719 0.929816 0.007589 0.329241 0.013327 -0.060776 0.053162
3.612955 0.930427 0.003821 0.331682 0.006651 -0.062109 0.026576
3.674192 0.930631 0.000000 0.332496 -0.000000 -0.062552 -0.000000
3.735428 0.930427 -0.003821 0.331682 -0.006651 -0.062109 -0.026576
3.796665 0.929816 -0.007589 0.329241 -0.013327 -0.060776 -0.053162
3.857901 0.928794 -0.011247 0.325171 -0.020051 -0.058544 -0.079770
3.919138 0.927359 -0.014740 0.319471 -0.026843 -0.055394 -0.106412
3.980374 0.925505 -0.018012 0.312137 -0.033717 -0.051305 -0.133103
4.041611 0.923228 -0.021004 0.303168 -0.040678 -0.046247 -0.159861
4.102847 0.920521 -0.023655 0.292557 -0.047719 -0.040188 -0.186710
4.164084 0.917382 -0.025904 0.280298 -0.054815 -0.033093 -0.213681
4.225320 0.913808 -0.027686 0.266384 -0.061911 -0.024924 -0.240814
4.286557 0.909802 -0.028934 0.250801 -0.068913 -0.015648 -0.268165
4.347794 0.905373 -0.029580 0.233535 -0.075663 -0.005240 -0.295808
4.409030 0.900545 -0.029553 0.214564 -0.081906 0.006309 -0.323838
4.470267 0.895360 -0.028784 0.193863 -0.087235 0.018973 -0.352372
4.531503 0.889893 -0.027208 0.171396 -0.091006 0.032669 -0.381524
4.592740 0.884267 -0.024766 0.147123 -0.092211 0.047206 -0.411348
4.653976 0.878683 -0.021417 0.121007 -0.089318 0.062189 -0.441647
4.715213 0.873455 -0.017155 0.093040 -0.080178 0.076868 -0.471563
4.776449 0.869040 -0.012036 0.063306 -0.062382 0.089903 -0.498813
4.837686 0.866018 -0.006219 0.032091 -0.034757 0.099262 -0.519002
4.898922 0.864933 0.000000 -0.000000 -0.000000 0.102726 -0.526639
