0.000000 1.095353 -0.000000 0.000000 0.000000 0.295319 -0.000000
0.043727 1.095192 0.012879 0.000000 -0.007256 0.292984 -0.000000
0.087453 1.094737 0.025558 0.000000 -0.013309 0.286231 -0.000000
0.131180 1.094060 0.037856 0.000000 -0.017230 0.275737 -0.000000
0.174906 1.093268 0.049630 0.000000 -0.018509 0.262393 -0.000000
0.218633 1.092481 0.060775 0.000000 -0.017058 0.247091 -0.000000
0.262359 1.091813 0.071222 0.000000 -0.013101 0.230578 -0.000000
0.306086 1.091366 0.080930 0.000000 -0.007042 0.213399 -0.000000
0.349812 1.091221 0.089879 0.000000 0.000648 0.195909 -0.000000
0.393539 1.091440 0.098061 0.000000 0.009510 0.178313 -0.000000
0.437265 1.092064 0.105473 -0.000000 0.019130 0.160711 -0.000000
0.480992 1.093119 0.112116 -0.000000 0.029151 0.143139 -0.000000
0.524718 1.094615 0.117992 -0.000000 0.039281 0.125597 -0.000000
0.568445 1.096552 0.123101 -0.000000 0.049276 0.108071 -0.000000
0.612171 1.098919 0.127443 -0.000000 0.058941 0.090544 -0.000000
0.655898 1.101699 0.131019 -0.000000 0.068116 0.073002 -0.000000
0.699624 1.104867 0.133827 -0.000000 0.076671 0.055442 -0.000000
0.743351 1.108394 0.135867 -0.000000 0.084499 0.037867 -0.000000
0.787077 1.112245 0.137139 -0.000000 0.091511 0.020296 -0.000000
0.830804 1.116384 0.137642 -0.000000 0.097635 0.002755 -0.000000
0.874530 1.120770 0.137381 -0.000000 0.102811 -0.014719 -0.000000
0.918257 1.125360 0.136357 -0.000000 0.106990 -0.032080 -0.000000
0.961983 1.130111 0.134577 -0.000000 0.110133 -0.049272 -0.000000
1.005710 1.134976 0.132051 -0.000000 0.112209 -0.066234 -0.000000
1.049436 1.139908 0.128789 -0.000000 0.113198 -0.082896 -0.000000
1.093163 1.144860 0.124807 -0.000000 0.113087 -0.099182 -0.000000
1.136889 1.149782 0.120122 -0.000000 0.111871 -0.115011 -0.000000
1.180616 1.154627 0.114757 -0.000000 0.109556 -0.130298 -0.000000
1.224342 1.159347 0.108737 -0.000000 0.106155 -0.144956 -0.000000
1.268069 1.163895 0.102091 -0.000000 0.101693 -0.158893 -0.000000
1.311795 1.168225 0.094853 -0.000000 0.096205 -0.172017 -0.000000
1.355522 1.172294 0.087060 -0.000000 0.089734 -0.184237 -0.000000
1.399248 1.176059 0.078755 -0.000000 0.082338 -0.195462 -0.000000
1.442975 1.179482 0.069983 -0.000000 0.074083 -0.205605 -0.000000
1.486701 1.182527 0.060791 -0.000000 0.065047 -0.214585 0.000000
1.530428 1.185161 0.051234 -0.000000 0.055317 -0.222325 0.000000
1.574154 1.187356 0.041367 -0.000000 0.044994 -0.228757 0.000000
1.617881 1.189088 0.031249 -0.000000 0.034182 -0.233823 0.000000
1.661607 1.190340 0.020940 -0.000000 0.022999 -0.237476 0.000000
1.705334 1.191096 0.010502 -0.000000 0.011563 -0.239682 0.000000
1.749060 1.191349 0.000000 -0.000000 -0.000000 -0.240420 0.000000
1.792787 1.191096 -0.010502 -0.000000 -0.011563 -0.239682 0.000000
1.836513 1.190340 -0.020940 -0.000000 -0.022999 -0.237476 0.000000
1.880240 1.189088 -0.031249 -0.000000 -0.034182 -0.233823 0.000000
1.923966 1.187356 -0.041367 -0.000000 -0.044994 -0.228757 0.000000
1.967693 1.185161 -0.051234 -0.000000 -0.055317 -0.222325 0.000000
2.011419 1.182527 -0.060791 -0.000000 -0.065047 -0.214585 0.000000
2.055146 1.179482 -0.069983 -0.000000 -0.074083 -0.205605 0.000000
2.098872 1.176059 -0.078755 -0.000000 -0.082338 -0.195462 0.000000
2.142599 1.172294 -0.087060 -0.000000 -0.089734 -0.184237 0.000000
2.186325 1.168225 -0.094853 -0.000000 -0.096205 -0.172017 0.000000
2.230052 1.163895 -0.102091 -0.000000 -0.101693 -0.158893 0.000000
2.273778 1.159347 -0.108737 -0.000000 -0.106155 -0.144956 0.000000
2.317505 1.154627 -0.114757 -0.000000 -0.109556 -0.130298 0.000000
2.361231 1.149782 -0.120122 -0.000000 -0.111871 -0.115011 0.000000
2.404958 1.144860 -0.124807 -0.000000 -0.113087 -0.099182 0.000000
2.448684 1.139908 -0.128789 -0.000000 -0.113198 -0.082896 0.000000
2.492411 1.134976 -0.132051 -0.000000 -0.112209 -0.066234 0.000000
2.536137 1.130111 -0.134577 -0.000000 -0.110133 -0.049272 0.000000
2.579864 1.125360 -0.136357 0.000000 -0.106990 -0.032080 0.000000
2.623590 1.120770 -0.137381 0.000000 -0.102811 -0.014719 0.000000
2.667317 1.116384 -0.137642 0.000000 -0.097635 0.002755 0.000000
2.711043 1.112245 -0.137139 0.000000 -0.091511 0.020296 0.000000
2.754770 1.108394 -0.135867 0.000000 -0.084499 0.037867 0.000000
2.798496 1.104867 -0.133827 0.000000 -0.076671 0.055442 0.000000
2.842223 1.101699 -0.131019 0.000000 -0.068116 0.073002 0.000000
2.885949 1.098919 -0.127443 0.000000 -0.058941 0.090544 0.000000
2.929676 1.096552 -0.123101 0.000000 -0.049276 0.108071 0.000000
2.973402 1.094615 -0.117992 0.000000 -0.039281 0.125597 0.000000
3.017129 1.093119 -0.112116 0.000000 -0.029151 0.143139 0.000000
3.060855 1.092064 -0.105473 0.000000 -0.019130 0.160711 0.000000
3.104582 1.091440 -0.098061 0.000000 -0.009510 0.178313 0.000000
3.148308 1.091221 -0.089879 0.000000 -0.000648 0.195909 0.000000
3.192035 1.091366 -0.080930 0.000000 0.007042 0.213399 0.000000
3.235762 1.091813 -0.071222 0.000000 0.013101 0.230578 0.000000
3.279488 1.092481 -0.060775 0.000000 0.017058 0.247091 -0.000000
3.323215 1.093268 -0.049630 0.000000 0.018509 0.262393 -0.000000
3.366941 1.094060 -0.037856 0.000000 0.017230 0.275737 -0.000000
3.410668 1.094737 -0.025558 0.000000 0.013309 0.286231 -0.000000
3.454394 1.095192 -0.012879 0.000000 0.007256 0.292984 -0.000000
3.498121 1.095353 0.000000 0.000000 -0.000000 0.295319 -0.000000
