0.000000 1.179062 -0.000000 0.042047 0.000000 -0.165320 0.000000
0.042512 1.178922 -0.007022 0.041964 -0.006623 -0.164858 -0.003935
0.085024 1.178500 -0.014004 0.041713 -0.013184 -0.163477 -0.007857
0.127536 1.177802 -0.020908 0.041296 -0.019620 -0.161184 -0.011755
0.170048 1.176835 -0.027696 0.040714 -0.025872 -0.157994 -0.015616
0.212560 1.175606 -0.034329 0.039969 -0.031880 -0.153925 -0.019427
0.255072 1.174128 -0.040771 0.039063 -0.037590 -0.149002 -0.023177
0.297585 1.172415 -0.046986 0.037999 -0.042948 -0.143254 -0.026854
0.340097 1.170482 -0.052940 0.036781 -0.047907 -0.136713 -0.030446
0.382609 1.168348 -0.058599 0.035412 -0.052420 -0.129417 -0.033940
0.425121 1.166032 -0.063933 0.033897 -0.056450 -0.121404 -0.037326
0.467633 1.163556 -0.068912 0.032240 -0.059959 -0.112717 -0.040590
0.510145 1.160942 -0.073508 0.030448 -0.062920 -0.103401 -0.043722
0.552657 1.158214 -0.077695 0.028525 -0.065307 -0.093501 -0.046709
0.595169 1.155398 -0.081450 0.026479 -0.067102 -0.083064 -0.049538
0.637681 1.152518 -0.084751 0.024315 -0.068292 -0.072138 -0.052197
0.680193 1.149600 -0.087577 0.022043 -0.068871 -0.060771 -0.054670
0.722705 1.146670 -0.089912 0.019670 -0.068838 -0.049009 -0.056943
0.765217 1.143755 -0.091739 0.017205 -0.068200 -0.036900 -0.059001
0.807729 1.140880 -0.093045 0.014657 -0.066968 -0.024490 -0.060826
0.850242 1.138070 -0.093818 0.012037 -0.065164 -0.011825 -0.062399
0.892754 1.135347 -0.094048 0.009355 -0.062815 0.001051 -0.063700
0.935266 1.132736 -0.093726 0.006625 -0.059954 0.014094 -0.064704
0.977778 1.130257 -0.092848 0.003858 -0.056626 0.027259 -0.065387
1.020290 1.127927 -0.091408 0.001070 -0.052882 0.040501 -0.065720
1.062802 1.125765 -0.089404 -0.001724 -0.048784 0.053773 -0.065672
1.105314 1.123784 -0.086836 -0.004508 -0.044400 0.067026 -0.065210
1.147826 1.121993 -0.083706 -0.007262 -0.039811 0.080203 -0.064295
1.190338 1.120400 -0.080019 -0.009967 -0.035106 0.093242 -0.062890
1.232850 1.119009 -0.075781 -0.012602 -0.030379 0.106068 -0.060953
1.275362 1.117816 -0.071004 -0.015142 -0.025735 0.118593 -0.058443
1.317874 1.116818 -0.065704 -0.017562 -0.021278 0.130710 -0.055323
1.360386 1.116003 -0.059899 -0.019836 -0.017112 0.142293 -0.051560
1.402899 1.115357 -0.053615 -0.021937 -0.013331 0.153191 -0.047132
1.445411 1.114863 -0.046886 -0.023834 -0.010014 0.163233 -0.042031
1.487923 1.114499 -0.039751 -0.025501 -0.007212 0.172227 -0.036269
1.530435 1.114242 -0.032260 -0.026909 -0.004943 0.179969 -0.029887
1.572947 1.114071 -0.024470 -0.028034 -0.003179 0.186256 -0.022954
1.615459 1.113966 -0.016447 -0.028854 -0.001851 0.190901 -0.015571
1.657971 1.113909 -0.008264 -0.029353 -0.000841 0.193755 -0.007868
1.700483 1.113892 -0.000000 -0.029521 0.000000 0.194718 -0.000000
1.742995 1.113909 0.008264 -0.029353 0.000841 0.193755 0.007868
1.785507 1.113966 0.016447 -0.028854 0.001851 0.190901 0.015571
1.828019 1.114071 0.024470 -0.028034 0.003179 0.186256 0.022954
1.870531 1.114242 0.032260 -0.026909 0.004943 0.179969 0.029887
1.913043 1.114499 0.039751 -0.025501 0.007212 0.172227 0.036269
1.955556 1.114863 0.046886 -0.023834 0.010014 0.163233 0.042031
1.998068 1.115357 0.053615 -0.021937 0.013331 0.153191 0.047132
2.040580 1.116003 0.059899 -0.019836 0.017112 0.142293 0.051560
2.083092 1.116818 0.065704 -0.017562 0.021278 0.130710 0.055323
2.125604 1.117816 0.071004 -0.015142 0.025735 0.118593 0.058443
2.168116 1.119009 0.075781 -0.012602 0.030379 0.106068 0.060953
2.210628 1.120400 0.080019 -0.009967 0.035106 0.093242 0.062890
2.253140 1.121993 0.083706 -0.007262 0.039811 0.080203 0.064295
2.295652 1.123784 0.086836 -0.004508 0.044400 0.067026 0.065210
2.338164 1.125765 0.089404 -0.001724 0.048784 0.053773 0.065672
2.380676 1.127927 0.091408 0.001070 0.052882 0.040501 0.065720
2.423188 1.130257 0.092848 0.003858 0.056626 0.027259 0.065387
2.465700 1.132736 0.093726 0.006625 0.059954 0.014094 0.064704
2.508213 1.135347 0.094048 0.009355 0.062815 0.001051 0.063700
2.550725 1.138070 0.093818 0.012037 0.065164 -0.011825 0.062399
2.593237 1.140880 0.093045 0.014657 0.066968 -0.024490 0.060826
2.635749 1.143755 0.091739 0.017205 0.068200 -0.036900 0.059001
2.678261 1.146670 0.089912 0.019670 0.068838 -0.049009 0.056943
2.720773 1.149600 0.087577 0.022043 0.068871 -0.060771 0.054670
2.763285 1.152518 0.084751 0.024315 0.068292 -0.072138 0.052197
2.805797 1.155398 0.081450 0.026479 0.067102 -0.083064 0.049538
2.848309 1.158214 0.077695 0.028525 0.065307 -0.093501 0.046709
2.890821 1.160942 0.073508 0.030448 0.062920 -0.103401 0.043722
2.933333 1.163556 0.068912 0.032240 0.059959 -0.112717 0.040590
2.975845 1.166032 0.063933 0.033897 0.056450 -0.121404 0.037326
3.018357 1.168348 0.058599 0.035412 0.052420 -0.129417 0.033940
3.060870 1.170482 0.052940 0.036781 0.047907 -0.136713 0.030446
3.103382 1.172415 0.046986 0.037999 0.042948 -0.143254 0.026854
3.145894 1.174128 0.040771 0.039063 0.037590 -0.149002 0.023177
3.188406 1.175606 0.034329 0.039969 0.031880 -0.153925 0.019427
3.230918 1.176835 0.027696 0.040714 0.025872 -0.157994 0.015616
3.273430 1.177802 0.020908 0.041296 0.019620 -0.161184 0.011755
3.315942 1.178500 0.014004 0.041713 0.013184 -0.163477 0.007857
3.358454 1.178922 0.007022 0.041964 0.006623 -0.164858 0.003935
3.400966 1.179062 -0.000000 0.042047 0.000000 -0.165320 0.000000
