0.000000 1.146407 0.000000 -0.153018 0.000000 -0.220468 0.000000
0.039553 1.146257 -0.008715 -0.152808 -0.007576 -0.220038 0.010618
0.079106 1.145808 -0.017395 -0.152178 -0.015112 -0.218749 0.021224
0.118659 1.145063 -0.026008 -0.151129 -0.022567 -0.216601 0.031808
0.158213 1.144025 -0.034518 -0.149662 -0.029902 -0.213599 0.042358
0.197766 1.142700 -0.042893 -0.147779 -0.037077 -0.209746 0.052863
0.237319 1.141094 -0.051099 -0.145481 -0.044052 -0.205045 0.063310
0.276872 1.139218 -0.059103 -0.142771 -0.050790 -0.199504 0.073687
0.316425 1.137080 -0.066870 -0.139653 -0.057251 -0.193128 0.083981
0.355978 1.134693 -0.074370 -0.136129 -0.063399 -0.185924 0.094179
0.395532 1.132070 -0.081567 -0.132204 -0.069197 -0.177899 0.104266
0.435085 1.129224 -0.088432 -0.127883 -0.074609 -0.169059 0.114226
0.474638 1.126173 -0.094930 -0.123170 -0.079600 -0.159412 0.124043
0.514191 1.122933 -0.101032 -0.118072 -0.084137 -0.148964 0.133699
0.553744 1.119524 -0.106704 -0.112596 -0.088186 -0.137720 0.143173
0.593297 1.115964 -0.111916 -0.106749 -0.091716 -0.125684 0.152442
0.632851 1.112276 -0.116636 -0.100540 -0.094696 -0.112859 0.161481
0.672404 1.108481 -0.120833 -0.093978 -0.097096 -0.099245 0.170260
0.711957 1.104603 -0.124476 -0.087075 -0.098888 -0.084840 0.178746
0.751510 1.100666 -0.127534 -0.079843 -0.100045 -0.069637 0.186900
0.791063 1.096697 -0.129974 -0.072295 -0.100543 -0.053628 0.194674
0.830616 1.092722 -0.131766 -0.064449 -0.100358 -0.036798 0.202014
0.870169 1.088768 -0.132874 -0.056321 -0.099469 -0.019127 0.208853
0.909723 1.084863 -0.133267 -0.047935 -0.097860 -0.000591 0.215112
0.949276 1.081036 -0.132909 -0.039314 -0.095517 0.018840 0.220693
0.988829 1.077317 -0.131765 -0.030487 -0.092432 0.039203 0.225475
1.028382 1.073734 -0.129795 -0.021490 -0.088604 0.060538 0.229311
1.067935 1.070317 -0.126962 -0.012362 -0.084045 0.082886 0.232016
1.107488 1.067095 -0.123225 -0.003153 -0.078775 0.106284 0.233362
1.147042 1.064094 -0.118540 0.006077 -0.072836 0.130757 0.233067
1.186595 1.061341 -0.112867 0.015257 -0.066292 0.156301 0.230779
1.226148 1.058857 -0.106162 0.024301 -0.059233 0.182860 0.226075
1.265701 1.056660 -0.098390 0.033103 -0.051788 0.210290 0.218446
1.305254 1.054763 -0.089519 0.041535 -0.044123 0.238311 0.207311
1.344807 1.053170 -0.079536 0.049448 -0.036442 0.266437 0.192043
1.384360 1.051878 -0.068451 0.056665 -0.028975 0.293914 0.172039
1.423914 1.050872 -0.056309 0.062989 -0.021951 0.319659 0.146839
1.463467 1.050133 -0.043205 0.068210 -0.015549 0.342262 0.116308
1.503020 1.049633 -0.029296 0.072124 -0.009841 0.360102 0.080837
1.542573 1.049346 -0.014803 0.074553 -0.004741 0.371599 0.041492
1.582126 1.049253 -0.000000 0.075378 0.000000 0.375577 0.000000
1.621679 1.049346 0.014803 0.074553 0.004741 0.371599 -0.041492
1.661233 1.049633 0.029296 0.072124 0.009841 0.360102 -0.080837
1.700786 1.050133 0.043205 0.068210 0.015549 0.342262 -0.116308
1.740339 1.050872 0.056309 0.062989 0.021951 0.319659 -0.146839
1.779892 1.051878 0.068451 0.056665 0.028975 0.293914 -0.172039
1.819445 1.053170 0.079536 0.049448 0.036442 0.266437 -0.192043
1.858998 1.054763 0.089519 0.041535 0.044123 0.238311 -0.207311
1.898552 1.056660 0.098390 0.033103 0.051788 0.210290 -0.218446
1.938105 1.058857 0.106162 0.024301 0.059233 0.182860 -0.226075
1.977658 1.061341 0.112867 0.015257 0.066292 0.156301 -0.230779
2.017211 1.064094 0.118540 0.006077 0.072836 0.130757 -0.233067
2.056764 1.067095 0.123225 -0.003153 0.078775 0.106284 -0.233362
2.096317 1.070317 0.126962 -0.012362 0.084045 0.082886 -0.232016
2.135870 1.073734 0.129795 -0.021490 0.088604 0.060538 -0.229311
2.175424 1.077317 0.131765 -0.030487 0.092432 0.039203 -0.225475
2.214977 1.081036 0.132909 -0.039314 0.095517 0.018840 -0.220693
2.254530 1.084863 0.133267 -0.047935 0.097860 -0.000591 -0.215112
2.294083 1.088768 0.132874 -0.056321 0.099469 -0.019127 -0.208853
2.333636 1.092722 0.131766 -0.064449 0.100358 -0.036798 -0.202014
2.373189 1.096697 0.129974 -0.072295 0.100543 -0.053628 -0.194674
2.412743 1.100666 0.127534 -0.079843 0.100045 -0.069637 -0.186900
2.452296 1.104603 0.124476 -0.087075 0.098888 -0.084840 -0.178746
2.491849 1.108481 0.120833 -0.093978 0.097096 -0.099245 -0.170260
2.531402 1.112276 0.116636 -0.100540 0.094696 -0.112859 -0.161481
2.570955 1.115964 0.111916 -0.106749 0.091716 -0.125684 -0.152442
2.610508 1.119524 0.106704 -0.112596 0.088186 -0.137720 -0.143173
2.650062 1.122933 0.101032 -0.118072 0.084137 -0.148964 -0.133699
2.689615 1.126173 0.094930 -0.123170 0.079600 -0.159412 -0.124043
2.729168 1.129224 0.088432 -0.127883 0.074609 -0.169059 -0.114226
2.768721 1.132070 0.081567 -0.132204 0.069197 -0.177899 -0.104266
2.808274 1.134693 0.074370 -0.136129 0.063399 -0.185924 -0.094179
2.847827 1.137080 0.066870 -0.139653 0.057251 -0.193128 -0.083981
2.887380 1.139218 0.059103 -0.142771 0.050790 -0.199504 -0.073687
2.926934 1.141094 0.051099 -0.145481 0.044052 -0.205045 -0.063310
2.966487 1.142700 0.042893 -0.147779 0.037077 -0.209746 -0.052863
3.006040 1.144025 0.034518 -0.149662 0.029902 -0.213599 -0.042358
3.045593 1.145063 0.026008 -0.151129 0.022567 -0.216601 -0.031808
3.085146 1.145808 0.017395 -0.152178 0.015112 -0.218749 -0.021224
3.124699 1.146257 0.008715 -0.152808 0.007576 -0.220038 -0.010618
3.164253 1.146407 -0.000000 -0.153018 0.000000 -0.220468 -0.000000
