0.000000 1.107393 0.000000 0.000000 -0.000000 -0.241892 0.487668
0.062300 1.105451 -0.014924 0.030231 -0.061516 -0.234935 0.480517
0.124601 1.099917 -0.029022 0.059626 -0.114119 -0.215961 0.461584
0.186901 1.091506 -0.041669 0.087610 -0.153670 -0.189080 0.436096
0.249201 1.081033 -0.052497 0.113920 -0.180594 -0.158107 0.408408
0.311502 1.069218 -0.061337 0.138501 -0.197195 -0.125564 0.380829
0.373802 1.056627 -0.068140 0.161391 -0.205841 -0.092888 0.354170
0.436102 1.043697 -0.072925 0.182651 -0.208380 -0.060877 0.328491
0.498402 1.030762 -0.075749 0.202337 -0.206129 -0.030005 0.303570
0.560703 1.018093 -0.076694 0.220486 -0.200013 -0.000591 0.279119
0.623003 1.005907 -0.075859 0.237119 -0.190695 0.027117 0.254874
0.685303 0.994388 -0.073355 0.252243 -0.178671 0.052906 0.230622
0.747604 0.983693 -0.069310 0.265851 -0.164331 0.076581 0.206202
0.809904 0.973954 -0.063861 0.277930 -0.147999 0.097959 0.181510
0.872204 0.965287 -0.057156 0.288461 -0.129963 0.116872 0.156483
0.934505 0.957790 -0.049353 0.297421 -0.110485 0.133164 0.131098
0.996805 0.951545 -0.040621 0.304788 -0.089813 0.146696 0.105366
1.059105 0.946619 -0.031135 0.310543 -0.068190 0.157350 0.079324
1.121405 0.943064 -0.021077 0.314667 -0.045855 0.165031 0.053031
1.183706 0.940916 -0.010635 0.317147 -0.023046 0.169668 0.026561
1.246006 0.940197 0.000000 0.317975 0.000000 0.171219 -0.000000
1.308306 0.940916 0.010635 0.317147 0.023046 0.169668 -0.026561
1.370607 0.943064 0.021077 0.314667 0.045855 0.165031 -0.053031
1.432907 0.946619 0.031135 0.310543 0.068190 0.157350 -0.079324
1.495207 0.951545 0.040621 0.304788 0.089813 0.146696 -0.105366
1.557508 0.957790 0.049353 0.297421 0.110485 0.133164 -0.131098
1.619808 0.965287 0.057156 0.288461 0.129963 0.116872 -0.156483
1.682108 0.973954 0.063861 0.277930 0.147999 0.097959 -0.181510
1.744408 0.983693 0.069310 0.265851 0.164331 0.076581 -0.206202
1.806709 0.994388 0.073355 0.252243 0.178671 0.052906 -0.230622
1.869009 1.005907 0.075859 0.237119 0.190695 0.027117 -0.254874
1.931309 1.018093 0.076694 0.220486 0.200013 -0.000591 -0.279119
1.993610 1.030762 0.075749 0.202337 0.206129 -0.030005 -0.303570
2.055910 1.043697 0.072925 0.182651 0.208380 -0.060877 -0.328491
2.118210 1.056627 0.068140 0.161391 0.205841 -0.092888 -0.354170
2.180511 1.069218 0.061337 0.138501 0.197195 -0.125564 -0.380829
2.242811 1.081033 0.052497 0.113920 0.180594 -0.158107 -0.408408
2.305111 1.091506 0.041669 0.087610 0.153670 -0.189080 -0.436096
2.367412 1.099917 0.029022 0.059626 0.114119 -0.215961 -0.461584
2.429712 1.105451 0.014924 0.030231 0.061516 -0.234935 -0.480517
2.492012 1.107393 -0.000000 -0.000000 -0.000000 -0.241892 -0.487668
2.554312 1.105451 -0.014924 -0.030231 -0.061516 -0.234935 -0.480517
2.616613 1.099917 -0.029022 -0.059626 -0.114119 -0.215961 -0.461584
2.678913 1.091506 -0.041669 -0.087610 -0.153670 -0.189080 -0.436096
2.741213 1.081033 -0.052497 -0.113920 -0.180594 -0.158107 -0.408408
2.803514 1.069218 -0.061337 -0.138501 -0.197195 -0.125564 -0.380829
2.865814 1.056627 -0.068140 -0.161391 -0.205841 -0.092888 -0.354170
2.928114 1.043697 -0.072925 -0.182651 -0.208380 -0.060877 -0.328491
2.990415 1.030762 -0.075749 -0.202337 -0.206129 -0.030005 -0.303570
3.052715 1.018093 -0.076694 -0.220486 -0.200013 -0.000591 -0.279119
3.115015 1.005907 -0.075859 -0.237119 -0.190695 0.027117 -0.254874
3.177315 0.994388 -0.073355 -0.252243 -0.178671 0.052906 -0.230622
3.239616 0.983693 -0.069310 -0.265851 -0.164331 0.076581 -0.206202
3.301916 0.973954 -0.063861 -0.277930 -0.147999 0.097959 -0.181510
3.364216 0.965287 -0.057156 -0.288461 -0.129963 0.116872 -0.156483
3.426517 0.957790 -0.049353 -0.297421 -0.110485 0.133164 -0.131098
3.488817 0.951545 -0.040621 -0.304788 -0.089813 0.146696 -0.105366
3.551117 0.946619 -0.031135 -0.310543 -0.068190 0.157350 -0.079324
3.613418 0.943064 -0.021077 -0.314667 -0.045855 0.165031 -0.053031
3.675718 0.940916 -0.010635 -0.317147 -0.023046 0.169668 -0.026561
3.738018 0.940197 0.000000 -0.317975 0.000000 0.171219 0.000000
3.800318 0.940916 0.010635 -0.317147 0.023046 0.169668 0.026561
3.862619 0.943064 0.021077 -0.314667 0.045855 0.165031 0.053031
3.924919 0.946619 0.031135 -0.310543 0.068190 0.157350 0.079324
3.987219 0.951545 0.040621 -0.304788 0.089813 0.146696 0.105366
4.049520 0.957790 0.049353 -0.297421 0.110485 0.133164 0.131098
4.111820 0.965287 0.057156 -0.288461 0.129963 0.116872 0.156483
4.174120 0.973954 0.063861 -0.277930 0.147999 0.097959 0.181510
4.236421 0.983693 0.069310 -0.265851 0.164331 0.076581 0.206202
4.298721 0.994388 0.073355 -0.252243 0.178671 0.052906 0.230622
4.361021 1.005907 0.075859 -0.237119 0.190695 0.027117 0.254874
4.423322 1.018093 0.076694 -0.220486 0.200013 -0.000591 0.279119
4.485622 1.030762 0.075749 -0.202337 0.206129 -0.030005 0.303570
4.547922 1.043697 0.072925 -0.182651 0.208380 -0.060877 0.328491
4.610222 1.056627 0.068140 -0.161391 0.205841 -0.092888 0.354170
4.672523 1.069218 0.061337 -0.138501 0.197195 -0.125564 0.380829
4.734823 1.081033 0.052497 -0.113920 0.180594 -0.158107 0.408408
4.797123 1.091506 0.041669 -0.087610 0.153670 -0.189080 0.436096
4.859424 1.099917 0.029022 -0.059626 0.114119 -0.215961 0.461584
4.921724 1.105451 0.014924 -0.030231 0.061516 -0.234935 0.480517
4.984024 1.107393 0.000000 0.000000 -0.000000 -0.241892 0.487668
